0 246.57554196099892
1 419.20094658039505
2 380.076515510565
3 353.19770108515405
4 447.69003836510444
5 119.95644864628306
6 96.91662105531535
7 27.33097164443772
8 163.85346390772128
9 193.0443306863825
10 104.41089547764827
11 100.88422336820597
12 98.83088767504032
13 91.64764788169198
14 78.23310576089503
15 157.94248900419763
16 84.0608839316395
17 94.52222468009889
18 97.82882427086156
19 83.9967841909917
20 96.25819973377006
21 1.369267470538705
22 1.3819450971852205
23 2.5528681696857887
24 79.11591999650453
25 81.26869677474272
26 9.905898449219222
27 101.5799468872852
28 56.22592182657595
29 179.46289292347052
30 29.26780751580272
31 0.0
32 27.02018173516884
33 13.91457943091512
34 0.0
35 246.04290977391574
36 138.89983113167352
37 170.4348672816837
38 196.3443296463307
39 51.78924998696583
40 80.94714997672156
41 39.246649780470406
42 193.23608053701605
43 196.21088561448542
44 56.572555906958044
45 115.49243682507453
46 49.01338784900263
47 116.94400046881233
48 57.47209024582992
49 21.159020761975917
50 10.147728646213597
51 53.61225001062527
52 33.23213923496373
53 266.48041347731777
54 66.57093172366807
55 81.32495330730544
56 74.5294726435209
57 45.40162519097619
58 100.46382457926991
59 69.12297819883383
60 169.9298757915358
61 255.6389371885566
62 147.34145225875744
63 16.094464740869807
64 65.67142073221967
65 80.90094405245469
66 123.09933038715528
67 21.082286481287515
68 123.05988147957298
69 89.32844316325021
70 150.0885540967888
71 123.14054344114454
72 95.03176986520018
73 112.88236876051917
74 93.20022795034062
75 76.97714305892086
76 88.5274849864517
77 65.31123628063236
78 28.86666138732477
79 16.30235620639362
80 107.89238207147714
81 124.63514572113112
82 181.0575295585443
83 192.45517011903016
84 83.61150048945498
85 86.67247325117135
86 93.99626440186621
87 63.03213863451579
88 76.53109927991586
89 55.684215492168825
90 7.6436557211376455
91 479.6762869666809
92 549.4807375193734
93 216.36564685031908
94 489.4303747849719
95 425.66258148655777
96 253.85311074135024
97 487.7693638168885
98 19.10927242096349
99 204.44482792507566
100 935.4066479012445
101 956.1825251930502
102 1044.3289643312032
103 201.2751837848929
104 186.80165054172818
105 0.0
106 0.0
107 107.99510337700698
108 290.2769594539054
109 144.71685148838543
110 130.42430548656915
111 143.60092431198206
112 110.6998153798032
113 107.75453898413737
114 64.91239593921321
115 13.01105841306877
116 26.672281324560025
117 9.998237398558183
118 9.935336728268965
119 0.0
120 215.50578470466107
121 236.50763463669756
122 139.18137157845035
123 32.2977312419192
124 411.3760680133305
125 19.599993694734486
126 18.737544895462936
127 124.88508135422967
128 68.19700013289582
129 99.95882071565121
130 132.513445036945
131 48.662075490410686
132 56.28123297739576
133 152.06094906904883
134 88.7823641457366
135 165.17678397476797
136 245.59201696678866
137 130.16248689914826
138 1042.784642056566
139 1055.5674775387852
140 1041.006344841281
141 1041.1806293806444
142 130.57824447985575
143 172.14174443362077
144 187.4409407503618
145 163.00041081311898
146 187.9626401076085
147 183.69234651334972
148 176.56978675453053
149 198.46328206278105
150 119.35338254518497
151 178.37105307376444
152 27.47529255299012
153 24.051650345751785
154 0.0
155 8.321875213182636
156 7.600628139139434
157 0.0
158 19.589541613023925
159 282.028674339315
160 25.683097974465873
161 270.9038272509943
162 267.639401657346
163 0.0
164 0.0
165 0.0
166 130.70200249961692
167 57.180960612097785
168 57.91694628598865
169 57.04713586994001
170 371.4997742526227
171 356.55755640238095
172 250.66957671653245
173 108.29441367625468
174 167.39916120554142
175 191.0355391681514
176 278.0811002777557
177 20.947139941366853
178 103.27136259393062
179 139.87064716317175
180 117.26430862318679
181 88.61411415430435
182 45.408604147141446
183 108.49427707026443
184 40.908219015741096
185 34.700502702817516
186 53.317209159574055
187 388.0536933273178
188 777.3998556341139
189 750.1885777717854
