0 194.2867096151342
1 104.94275684987724
2 230.46982452370102
3 213.16755451805238
0 132.19002021244475
0 306.90432112341017
1 159.81464920927905
0 200.8246029014589
1 181.65020886403877
2 176.39610761172298
3 211.33303911388361
4 273.544698436394
0 50.055443790408326
0 245.3492291862074
1 143.75778698205193
2 225.7349588245453
3 212.2643414397162
4 252.72444737815727
0 152.17417368683945
1 298.89542741298254
2 326.82637715516483
3 98.42970587089076
4 107.16384216339831
5 362.6298355070335
0 168.71666413820643
0 194.55655130331866
1 316.90539028784775
2 326.4676399035546
3 343.469784873597
4 286.6279853086553
0 326.8613153870967
1 209.5827453280252
0 191.8813990511825
1 196.9905192497512
